list(x=c(3.52000E+00, 3.15000E+00, 4.80000E+00, 3.89000E+00, 5.97000E+00, 7.14000E+00, 5.21000E+00, 7.03000E+00, 4.33000E+00, 5.92000E+00, 3.97000E+00, 6.02000E+00, 5.05000E+00, 4.23000E+00, 3.96000E+00, 4.35000E+00, 3.99000E+00, 5.74000E+00, 4.45000E+00, 4.27000E+00, -2.20000E+00, 3.72000E+00, 5.19000E+00, 5.14000E+00, 4.55000E+00, 4.38000E+00, 1.53000E+00, 6.66000E+00, 5.45000E+00, 4.71000E+00, 4.18000E+00, 3.51000E+00, 1.40000E+00, 5.46000E+00, 4.47000E+00, 4.12000E+00, 5.94000E+00, 4.35000E+00, 3.80000E+00, 5.67000E+00, 2.87000E+00, 3.51000E+00, 4.04000E+00, 5.36000E+00, 2.44000E+00, 4.58000E+00, 7.00001E-01, 4.19000E+00, 5.63000E+00, 4.43000E+00, 3.44000E+00, 3.64000E+00, 3.44000E+00, 4.58000E+00, 3.90000E+00, 5.03000E+00, 5.00000E+00, 5.92000E+00, 2.62000E+00, 1.48000E+00, 2.68000E+00, 1.35000E+00, 4.95000E+00, 3.21000E+00, 4.62000E+00, 3.27000E+00, 6.68000E+00, 2.89000E+00, 4.57000E+00, 2.17000E+00, 2.74000E+00, -4.10000E-01, -3.30002E-01, 5.37000E+00, 4.04000E+00, 3.27000E+00, 3.68000E+00, 3.37000E+00, 3.58000E+00, 3.14000E+00, 5.48000E+00, 3.48000E+00, 6.24000E+00, 4.01000E+00, 3.93000E+00, 2.33000E+00, 3.92000E+00, 5.06000E+00, 5.18000E+00, 1.37000E+00, 5.58000E+00, -1.30001E-01, 4.86000E+00, 7.06000E+00, 3.18000E+00, 4.97000E+00, 4.85000E+00, 4.01000E+00, 3.09000E+00, 4.49000E+00, 4.46000E+00, 6.04000E+00, 2.70000E+00, 2.08000E+00, 4.10000E+00, 3.26000E+00, 4.11000E+00, 6.05000E+00, 5.15000E+00, 2.47000E+00, 1.54000E+00, 5.84000E+00, 1.27000E+00, 2.96000E+00, 3.74000E+00, 5.82000E+00, 5.10000E+00, 4.83000E+00, 1.39999E-01, 2.85000E+00, 6.11000E+00, 5.55000E+00, 4.86000E+00, 4.64000E+00, 4.45000E+00, 3.63000E+00, 4.75000E+00, 2.40000E+00, 5.11000E+00, 2.26000E+00, 5.73000E+00, 1.92000E+00, 2.88000E+00, 2.65000E+00, 5.50000E+00, 5.90000E+00, 2.04000E+00, -8.05000E+00, 5.29000E+00, 4.60000E+00, 5.36000E+00, 2.74000E+00, 4.88000E+00, 2.58000E+00, 6.11000E+00, 4.52000E+00, 4.76000E+00, 6.02000E+00, 4.35000E+00, 6.88000E+00, 5.99000E+00, 3.60000E+00, 3.69000E+00, 3.58000E+00, 5.89000E+00, 2.17000E+00, 2.10000E+00, 2.22000E+00, 5.23000E+00, 2.63000E+00, 1.85000E+00, 5.55000E+00, -2.99999E-01, 5.03000E+00, 2.39000E+00, 3.33000E+00, 3.58000E+00, 5.07000E+00, 2.86000E+00, 2.74000E+00, 4.71000E+00, 3.60000E+00, 5.41000E+00, 2.89000E+00, 2.97000E+00, 7.30000E-01, -6.96000E+00, 4.93000E+00, 4.76000E+00, 5.50000E+00, 1.41000E+00, 3.41000E+00, 4.77000E+00, 6.22000E+00, 6.84000E+00, -2.53000E+00, 4.02000E+00, 5.04000E+00, 3.06000E+00, 2.94000E+00, 6.00000E+00, 5.04000E+00, 4.84000E+00, 5.93000E+00, 3.36000E+00, 1.45000E+00, 7.30000E+00, -1.33000E+00, 5.48000E+00, 4.67000E+00, 3.92000E+00, 4.81000E+00, 4.80000E+00, 3.25000E+00, 6.19999E-01, 1.16000E+00, 4.14000E+00, 3.88000E+00, 2.59000E+00, -7.67000E+00, 2.78000E+00, 5.35000E+00, -2.36000E+00, 3.94000E+00, 6.96000E+00, -8.60001E-01, 1.94000E+00, 4.85000E+00, 4.42000E+00, 4.94000E+00, 3.99000E+00, -7.01000E+00, 5.33000E+00, 3.34000E+00, 1.82000E+00, 3.18000E+00, 4.98000E+00, 4.44000E+00, 4.70000E+00, 3.75000E+00, 5.42000E+00, 8.16000E+00, 4.05000E+00, 5.80000E+00, 4.52000E+00, -3.60001E-01, 4.12000E+00, 2.57000E+00, 4.50000E+00, 5.80000E+00, 3.27000E+00, 6.29000E+00, 3.55000E+00, 4.20000E+00, 5.45000E+00, 5.74000E+00, 2.74000E+00, 4.09000E+00, -4.29000E+00, 2.46000E+00, 2.33000E+00, 5.80000E+00, 3.44000E+00, 2.05000E+00, 3.26000E+00, 7.86000E+00, 5.25000E+00, -9.80000E-01, 3.02000E+00, 4.54000E+00, 5.99000E+00, 3.66000E+00, 5.75000E+00, 4.92000E+00, 2.55000E+00, 2.13000E+00, 2.49000E+00, 2.22000E+00, 5.56000E+00, 2.46000E+00, -1.03100E+01, -4.35000E+00, 4.91000E+00, 4.85000E+00, 3.99000E+00, 4.85000E+00, -2.19000E+00, 2.42000E+00, 5.74000E+00, 3.51000E+00, 3.99000E+00, 4.21000E+00, 6.79000E+00, 4.65000E+00, 2.67000E+00, 2.83000E+00, 5.82000E+00, 4.69000E+00, 5.01000E+00, 2.33000E+00, 5.34000E+00, 4.61000E+00, 5.48000E+00, 5.97000E+00, 2.43000E+00, 3.48000E+00, 3.56000E+00, 6.17000E+00, 5.64000E+00, 2.90000E+00, 4.65000E+00, 4.04000E+00, 3.90000E+00, 6.71000E+00, 6.18000E+00, 1.94000E+00, 2.70000E-01, -4.48000E+00, 5.64000E+00, 5.70000E+00, 4.81000E+00, 2.84000E+00, 6.10000E+00, 5.07000E+00, 5.09000E+00, 6.80000E-01, 5.35000E+00, 4.49000E+00, 3.23000E+00, 3.77000E+00, 5.79000E+00, 3.69000E+00, -4.15000E+00, 4.76000E+00, 4.51000E+00, 4.62000E+00, 3.04000E+00, 4.10000E-01, 3.16000E+00, 6.38000E+00, 4.22000E+00, -3.30002E-01, 1.24000E+00, 3.72000E+00, 5.73000E+00, 3.07000E+00, 3.87000E+00, 4.63000E+00, 4.96000E+00, 3.55000E+00, 5.00000E-01, 5.21000E+00, 4.04000E+00, 3.23000E+00, 3.29000E+00, 6.04000E+00, 2.79000E+00, 5.95000E+00, 5.48000E+00, 4.13000E+00, 6.05000E+00, -2.59000E+00, 3.97000E+00, 3.91000E+00, 5.03000E+00, 7.05000E+00, 6.03000E+00, -1.77000E+00, 2.53000E+00, 1.23000E+00, 2.79000E+00, 3.89000E+00, 3.23000E+00, -2.47000E+00, 4.17000E+00, 3.78000E+00, 4.35000E+00, 5.59000E+00, 3.75000E+00, 4.40000E+00, 1.44000E+00, 3.95000E+00, 2.27000E+00, 3.69000E+00, 2.65000E+00, 2.96000E+00, 4.49000E+00, 3.15000E+00, 5.57000E+00, 4.57000E+00, 4.76000E+00, 4.96000E+00, 3.36000E+00, 5.12000E+00, 4.75000E+00, 3.05000E+00, 3.26000E+00, 1.99000E+00, 5.38000E+00, 2.96000E+00, 2.82000E+00, 2.91000E+00, 3.36000E+00, 4.64000E+00, 3.83000E+00, 4.77000E+00, 5.45000E+00, 5.36000E+00, 5.13000E+00, 2.11000E+00, -9.39999E-01, 4.70000E+00, 4.90000E+00, 9.50001E-01, 4.38000E+00, 4.49000E+00, 1.28000E+00, 4.74000E+00, 5.15000E+00, 4.60000E+00, 5.27000E+00, 5.66000E+00, 2.54000E+00, 3.67000E+00, 2.36000E+00, 3.68000E+00, 7.20000E+00, 5.35000E+00, -8.10001E-01, 3.86000E+00, 4.90000E+00, 1.37000E+00, 4.57000E+00, 6.99000E+00, 5.19000E+00, 2.86000E+00, 4.74000E+00, 4.43000E+00, -3.71000E+00, 5.93000E+00, 4.90000E+00, 3.45000E+00, 4.94000E+00, 5.18000E+00, -3.63000E+00, 3.98000E+00, 5.62000E+00, 5.78000E+00, 5.82000E+00, 2.94000E+00, 5.20000E+00, 9.70001E-01, 5.61000E+00, 5.03000E+00, 4.43000E+00, 4.18000E+00, 4.06000E+00, 3.75000E+00, 6.26000E+00, 6.31000E+00, 4.20000E+00, 6.02000E+00, 6.13000E+00, 1.09000E+00, 3.90000E+00, 4.86000E+00, 4.56000E+00, 4.02000E+00, 5.09000E+00, 3.93000E+00, 3.48000E+00, 2.10000E+00, 5.44000E+00, 5.30000E+00, 5.67000E+00, -3.29000E+00, 4.56000E+00, 4.80000E+00, -6.60000E-01, 4.70000E+00, 4.88000E+00, 4.52000E+00, 3.85000E+00, 4.54000E+00, 4.22000E+00, 3.09000E+00, 5.08000E+00, 3.09000E+00, 3.26000E+00, 2.59000E+00, 4.66000E+00, 3.91000E+00, 4.43000E+00, 3.03000E+00, 6.01000E+00, 3.45000E+00, 3.03000E+00, 3.50000E+00, 4.92000E+00, 2.97000E+00),