list(alpha=2.50000E+03, beta=2.00000E+02, sigma=4.50000E+02)
