list(alpha=2.60000E+03, beta=2.05000E+02, sigma=4.75000E+02)
