list(alpha=4.00000E+02, beta=1.90000E+02, sigma=4.00000E+02)
